1 4
2 4
7 4
8 4
12 4
38 4
40 10
41 8
42 6
43 4
61 4
64 4
66 4
87 4
94 4
156 4
162 4
165 4
171 4
174 4
180 4
201 4
247 6
248 4
257 4
288 4
291 6
292 4
307 4
312 4
328 4
337 4
338 4
378 4
394 4
414 6
415 4
438 4
445 4
482 12
483 10
484 8
485 6
486 4
493 4
518 4
524 4
531 6
532 4
539 4
539 8
540 6
541 4
543 4
580 4
582 6
583 4
611 4
615 6
616 4
636 4
650 4
651 4
659 4
663 4
671 4
678 6
679 4
695 4
705 4
713 4
726 4
742 4
743 4
789 4
790 4
799 4
803 4
840 4
866 4
896 4
909 4
922 6
923 4
930 4
954 4
968 4
971 4
